2
30
30
0 1
0 2
0 3
0 4
0 5
0 10
0 25
1 0
1 2
1 4
1 5
1 13
1 20
1 21
1 22
1 25
2 0
2 1
2 4
2 5
2 9
2 10
2 11
2 15
2 21
2 23
2 24
2 28
2 29
3 9
3 11
3 14
3 16
3 22
5 6
5 15
5 17
6 0
6 1
6 4
6 15
6 17
6 29
7 5
7 28
8 4
8 5
8 27
8 28
9 2
9 3
9 4
9 5
10 0
10 3
10 17
10 18
10 19
10 20
10 28
10 29
11 6
11 17
11 20
12 0
12 4
12 6
12 7
12 8
12 19
13 4
13 19
13 20
14 0
14 16
14 19
14 20
15 0
15 3
15 17
15 19
16 1
16 16
16 20
17 8
18 0
18 1
18 7
18 9
18 10
19 6
19 11
19 25
19 26
20 6
20 7
20 8
20 9
20 10
20 11
20 25
20 26
21 10
21 28
21 29
22 0
22 1
23 1
23 2
23 6
23 21
24 2
24 7
24 9
24 19
24 20
25 2
25 3
25 4
25 6
25 10
25 21
26 5
26 8
26 10
26 11
26 28
26 29
27 9
27 10
27 11
27 23
28 10
28 21
28 22
28 23
28 24
28 25
28 26
28 27
28 28
29 12
29 15
29 21
29 22
29 23
29 24
29 25
29 26
29 27
