0
30
30
0 8
0 13
0 17
0 19
0 22
0 24
1 0
1 2
1 6
1 17
1 20
2 4
2 7
2 8
2 10
2 11
2 12
2 14
2 21
3 7
3 10
3 13
3 19
3 22
3 27
4 6
4 7
4 9
4 12
4 13
4 22
4 25
4 26
5 2
5 7
5 14
6 12
6 15
6 17
6 21
7 4
7 7
7 14
7 15
7 17
7 18
7 19
7 23
8 2
8 4
8 7
8 8
8 14
8 22
8 26
8 29
9 3
9 13
9 23
10 6
10 9
10 10
10 15
10 17
10 25
10 27
10 28
10 29
11 5
11 7
11 9
11 14
11 20
11 22
11 23
11 24
11 26
12 3
12 10
12 11
12 13
12 14
12 15
12 17
12 26
13 14
13 16
13 18
13 22
13 29
14 7
14 14
14 19
14 22
14 23
14 24
14 26
14 29
15 2
15 3
15 5
15 7
15 10
15 11
15 15
15 22
15 25
16 1
16 2
16 3
16 4
16 5
16 6
16 7
16 21
16 23
17 4
17 9
17 18
17 22
17 27
17 28
18 6
18 21
19 1
19 11
19 12
19 20
19 22
19 24
19 25
19 29
20 12
20 20
21 6
21 7
21 16
21 20
22 0
22 8
22 14
22 15
22 19
22 25
23 10
23 13
23 14
23 17
23 22
23 24
24 14
24 18
24 20
24 28
25 0
25 3
25 20
25 26
25 28
26 5
26 9
26 13
26 17
26 20
26 27
27 3
27 4
27 6
27 13
27 15
27 21
27 27
27 29
28 2
28 3
28 4
28 11
28 16
28 18
28 21
28 28
29 1
29 3
29 4
29 11
29 16
29 20
29 23
29 24
29 25
