0
30
30
0 4
0 10
0 11
0 17
0 21
0 25
0 27
1 3
1 17
1 19
1 29
2 1
2 7
2 10
2 20
2 21
2 23
2 28
3 5
3 6
3 7
3 11
3 22
3 24
4 0
4 7
5 2
5 6
5 8
5 20
5 21
5 23
5 26
6 6
6 7
6 12
6 13
6 16
6 19
6 26
6 27
7 7
7 13
8 10
8 13
8 16
8 18
8 26
9 5
9 14
9 16
9 20
9 27
9 28
10 0
10 1
10 12
10 14
10 15
10 19
10 29
11 11
11 14
11 17
11 19
11 21
11 22
11 26
12 0
12 4
12 10
12 15
12 17
12 20
12 21
12 22
13 5
13 10
13 11
13 20
13 23
14 4
14 6
14 7
14 14
14 18
14 27
15 1
15 7
15 13
15 16
15 24
16 0
16 1
16 6
16 7
16 9
16 11
16 17
16 18
17 8
17 12
17 13
17 14
17 19
18 14
19 2
19 9
19 15
19 24
20 15
20 24
20 28
21 1
21 6
21 13
21 16
21 17
21 20
21 29
22 2
22 9
22 17
22 25
22 27
23 0
23 1
23 4
23 6
23 7
23 12
23 20
24 0
24 2
24 4
24 14
24 19
24 20
24 25
24 27
24 29
25 7
25 13
25 26
25 27
26 0
26 1
26 18
27 1
27 5
27 9
27 10
27 14
27 17
27 24
28 0
28 5
28 8
28 9
28 13
28 17
28 19
28 24
28 25
28 26
29 22
29 27
