0
30
30
0 3
0 4
0 5
0 13
0 16
0 24
0 25
0 29
1 2
1 4
1 5
1 8
1 9
1 10
1 11
1 16
1 18
1 19
1 22
1 25
1 26
1 28
1 29
2 1
2 2
2 4
2 7
2 8
2 11
2 13
2 21
2 23
2 27
2 28
3 1
3 2
3 3
3 4
3 6
3 10
3 11
3 13
3 16
3 21
3 25
4 1
4 2
4 3
4 7
4 9
4 10
4 11
4 15
4 17
4 18
4 19
4 20
4 21
4 24
4 26
4 27
4 28
5 0
5 2
5 3
5 5
5 9
5 10
5 11
5 12
5 14
5 15
5 17
5 21
5 23
5 24
5 26
5 29
6 0
6 1
6 6
6 7
6 8
6 9
6 10
6 17
6 22
6 26
6 28
7 0
7 1
7 2
7 3
7 12
7 14
7 15
7 16
7 17
7 18
7 19
7 20
7 22
7 24
7 26
7 28
7 29
8 1
8 4
8 6
8 7
8 8
8 9
8 11
8 13
8 14
8 16
8 18
8 20
8 22
8 26
9 2
9 3
9 4
9 8
9 9
9 17
9 19
9 21
9 22
9 23
9 26
9 27
9 28
9 29
10 0
10 1
10 5
10 7
10 8
10 10
10 12
10 15
10 16
10 17
10 19
10 21
10 22
10 23
10 24
10 26
10 27
10 29
11 1
11 2
11 5
11 6
11 7
11 8
11 9
11 10
11 15
11 21
11 24
11 26
11 27
11 29
12 3
12 5
12 6
12 7
12 9
12 10
12 11
12 13
12 15
12 17
12 18
12 19
12 20
12 22
12 23
12 28
12 29
13 2
13 5
13 15
13 17
13 19
13 20
13 22
13 23
13 25
13 26
13 27
14 0
14 1
14 2
14 5
14 9
14 10
14 15
14 16
14 18
14 20
14 23
14 26
14 29
15 1
15 2
15 4
15 6
15 8
15 9
15 10
15 13
15 15
15 19
15 20
15 21
15 22
15 25
15 28
15 29
16 4
16 8
16 10
16 12
16 13
16 18
16 22
16 24
16 25
17 0
17 1
17 2
17 4
17 6
17 8
17 12
17 14
17 18
17 21
17 25
17 26
17 28
18 7
18 8
18 10
18 13
18 17
18 24
18 25
18 29
19 0
19 1
19 2
19 3
19 6
19 8
19 9
19 11
19 16
19 18
19 20
19 21
19 22
19 23
19 24
20 0
20 1
20 6
20 9
20 13
20 16
20 17
20 18
20 22
20 23
20 28
21 0
21 1
21 4
21 6
21 7
21 10
21 11
21 15
21 17
21 19
21 20
21 22
21 24
21 25
21 27
22 1
22 4
22 8
22 9
22 11
22 13
22 14
22 20
22 29
23 7
23 8
23 9
23 11
23 15
23 16
23 17
23 18
23 24
23 25
23 28
23 29
24 0
24 3
24 4
24 6
24 12
24 13
24 17
24 19
24 22
24 25
24 28
25 3
25 4
25 6
25 9
25 12
25 14
25 15
25 16
25 17
25 18
25 19
25 24
26 2
26 4
26 5
26 6
26 9
26 10
26 11
26 13
26 17
26 18
26 20
26 21
26 23
26 25
26 27
27 5
27 7
27 9
27 10
27 13
27 14
27 17
27 18
27 19
27 21
27 23
27 24
27 26
28 0
28 1
28 2
28 3
28 4
28 5
28 7
28 9
28 13
28 17
28 18
28 21
28 22
28 25
28 26
28 27
29 2
29 3
29 5
29 7
29 8
29 11
29 12
29 14
29 17
29 18
29 20
29 23
29 24
29 26
29 29
