0
30
30
0 14
1 23
1 29
2 0
2 9
2 10
2 15
3 4
3 12
4 6
4 9
5 6
5 9
5 26
6 0
6 1
6 3
6 5
6 12
7 6
7 7
7 23
8 1
8 24
9 10
9 25
9 27
9 29
10 14
11 0
11 4
11 24
12 3
12 5
12 10
12 16
12 17
12 28
13 10
13 14
13 22
14 1
14 22
15 0
15 6
15 8
15 25
16 2
16 6
16 14
16 21
16 28
17 5
17 15
18 2
18 13
18 29
19 4
19 8
19 15
19 16
19 18
19 21
19 23
20 2
20 9
21 12
21 13
21 16
21 20
21 28
22 9
22 11
22 17
22 29
23 17
23 19
23 24
24 8
24 9
25 1
25 11
25 16
25 17
25 20
25 21
25 22
25 25
25 26
26 27
27 9
27 10
27 15
28 18
29 23
