0
30
30
0 15
0 27
1 28
2 4
2 19
3 0
3 9
3 10
3 13
3 19
3 29
4 3
4 6
5 5
5 7
5 26
6 0
6 16
6 17
6 18
6 25
6 29
7 2
7 10
7 14
7 20
7 26
8 1
8 6
8 7
8 10
8 16
8 29
9 0
9 11
10 27
10 28
11 3
12 6
12 14
12 20
12 24
12 26
13 14
13 18
13 20
13 22
14 19
15 2
15 4
15 19
15 25
15 29
16 7
16 20
16 21
17 1
17 7
17 18
18 4
18 23
18 26
19 7
19 8
20 1
20 3
20 4
20 17
21 1
21 13
21 21
22 1
22 5
22 15
22 25
23 8
23 14
24 0
24 22
25 1
25 9
25 19
25 24
25 27
26 4
26 5
26 13
26 17
27 1
27 3
27 9
27 16
27 21
27 27
28 6
28 21
28 27
29 2
29 8
29 12
29 20
29 23
29 25
29 29
