16
30
30
0 7
0 8
1 6
1 9
2 6
2 8
2 22
2 23
3 7
3 21
3 24
4 22
4 24
5 23
7 10
7 18
7 19
8 9
8 10
8 16
8 18
8 19
9 8
9 9
9 10
9 15
9 16
9 19
9 22
10 7
10 13
10 14
10 17
10 22
11 6
11 7
11 8
11 12
11 13
11 17
11 22
12 5
12 6
12 11
12 13
12 17
12 18
13 7
13 11
13 12
13 16
13 17
13 19
14 5
14 6
14 12
14 13
14 17
14 19
14 23
15 13
15 16
15 17
15 18
15 24
16 12
16 16
16 22
16 23
16 24
17 13
17 18
18 13
18 18
19 14
19 19
20 19
21 15
21 17
21 18
22 14
22 15
23 12
23 14
24 12
24 13
25 12
26 11
26 12
27 10
27 11
27 12
27 17
28 11
28 12
28 17
