32
30
30
1 5
2 4
2 5
2 10
2 22
2 23
2 24
2 25
2 26
2 27
3 3
3 6
3 9
3 11
3 17
3 22
3 23
3 25
3 26
4 4
4 5
4 9
4 12
4 15
4 16
4 18
4 19
4 23
5 8
5 11
5 17
5 22
6 8
6 9
6 10
6 11
6 24
7 7
7 8
7 11
7 22
7 25
8 11
8 12
8 13
8 21
8 25
9 9
9 10
9 12
9 16
9 22
9 24
10 10
10 11
10 12
10 15
10 17
10 23
11 8
11 12
11 14
11 15
11 17
11 18
12 8
12 9
12 11
12 12
12 15
12 18
12 26
12 27
12 28
13 8
13 11
13 15
13 18
13 25
13 28
14 8
14 10
14 15
14 18
14 28
15 8
15 9
15 16
15 17
15 28
16 8
16 13
16 14
16 15
16 25
16 27
17 13
17 14
17 21
18 12
18 15
18 19
18 20
19 14
19 15
19 19
19 20
20 14
20 15
20 16
20 25
21 19
21 22
21 25
21 26
22 19
22 23
22 24
22 26
23 19
23 25
23 26
24 0
24 1
24 2
24 18
24 23
24 24
24 26
25 6
25 7
25 9
25 10
25 19
25 20
25 21
25 23
25 24
25 25
25 27
25 28
26 6
26 10
26 20
26 26
26 27
27 7
27 8
27 9
